Cluster N=2,4,8,16
1000 400 14000000 4.109827
1000 400 14000000 3.487358
1000 400 14000000 3.420462
1000 400 14000000 3.044735

500 200 20000000 3.825248
500 200 20000000 2.222552
500 200 20000000 1.317550
500 200 20000000 0.797962

500 200 3600000 0.605246
500 200 3600000 0.575370
500 200 3600000 0.307625
500 200 3600000 0.190036

250 100 5000000 0.661820
250 100 5000000 0.360686
250 100 5000000 0.200015
250 100 5000000 0.184276

250 100 900000 0.130116
250 100 900000 0.068637
250 100 900000 0.041659
250 100 900000 0.045949
