250 100 900000
Total Cores  |  MPI (P)   |   OMP (T)    |  Time (s) 
------------------------------------------------------
1            | 1          | 1            | 0.184584  
2            | 1          | 2            | 0.189899  
2            | 2          | 1            | 0.097483  
4            | 1          | 4            | 0.193789  
4            | 2          | 2            | 0.101853  
4            | 4          | 1            | 0.061537  
8            | 1          | 8            | 0.195909  
8            | 2          | 4            | 0.103577  
8            | 4          | 2            | 0.062933  
16           | 1          | 16           | 0.227443  
16           | 2          | 8            | 0.113228  
16           | 4          | 4            | 0.064120  
32           | 2          | 16           | 0.127102  
32           | 4          | 8            | 0.072040  
64           | 4          | 16           | 0.086197  

============================================================
           OPTIMAL CONFIGURATIONS PER CORE COUNT            
============================================================
Total Cores     | Best P       | Best T       | Best Time 
------------------------------------------------------------
1               | 1            | 1            | 0.184584  
2               | 2            | 1            | 0.097483  
4               | 4            | 1            | 0.061537  
8               | 4            | 2            | 0.062933  
16              | 4            | 4            | 0.064120  
32              | 4            | 8            | 0.072040  
64              | 4            | 16           | 0.086197 

250 100 5000000
Total Cores  |  MPI (P)   |   OMP (T)    |  Time (s) 
------------------------------------------------------
1            | 1          | 1            | 1.727337  
2            | 1          | 2            | 1.065416  
2            | 2          | 1            | 0.516005  
4            | 1          | 4            | 1.055272  
4            | 2          | 2            | 0.532172  
4            | 4          | 1            | 0.318515  
8            | 1          | 8            | 1.061479  
8            | 2          | 4            | 0.534150  
8            | 4          | 2            | 0.320007  
16           | 1          | 16           | 1.083984  
16           | 2          | 8            | 0.544342  
16           | 4          | 4            | 0.278368  
32           | 2          | 16           | 0.557881  
32           | 4          | 8            | 0.332370  
64           | 4          | 16           | 0.346482  

============================================================
           OPTIMAL CONFIGURATIONS PER CORE COUNT            
============================================================
Total Cores     | Best P       | Best T       | Best Time 
------------------------------------------------------------
1               | 1            | 1            | 1.727337  
2               | 2            | 1            | 0.516005  
4               | 4            | 1            | 0.318515  
8               | 4            | 2            | 0.320007  
16              | 4            | 4            | 0.278368  
32              | 4            | 8            | 0.332370  
64              | 4            | 16           | 0.346482  


500 200 3600000
Total Cores  |  MPI (P)   |   OMP (T)    |  Time (s) 
------------------------------------------------------
1            | 1          | 1            | 1.169961  
2            | 1          | 2            | 0.924149  
2            | 2          | 1            | 0.569185  
4            | 1          | 4            | 0.956949  
4            | 2          | 2            | 0.573930  
4            | 4          | 1            | 0.358828  
8            | 1          | 8            | 0.984040  
8            | 2          | 4            | 0.580351  
8            | 4          | 2            | 0.371909  
16           | 1          | 16           | 1.053439  
16           | 2          | 8            | 0.603050  
16           | 4          | 4            | 0.380245  
32           | 2          | 16           | 0.641585  
32           | 4          | 8            | 0.410325  
64           | 4          | 16           | 0.461859  

============================================================
           OPTIMAL CONFIGURATIONS PER CORE COUNT            
============================================================
Total Cores     | Best P       | Best T       | Best Time 
------------------------------------------------------------
1               | 1            | 1            | 1.169961  
2               | 2            | 1            | 0.569185  
4               | 4            | 1            | 0.358828  
8               | 4            | 2            | 0.371909  
16              | 4            | 4            | 0.380245  
32              | 4            | 8            | 0.410325  
64              | 4            | 16           | 0.461859  


500 200 20000000
Total Cores  |  MPI (P)   |   OMP (T)    |  Time (s) 
------------------------------------------------------
1            | 1          | 1            | 8.874091  
2            | 1          | 2            | 6.212773  
2            | 2          | 1            | 4.443588  
4            | 1          | 4            | 6.396982  
4            | 2          | 2            | 3.124136  
4            | 4          | 1            | 2.280110  
8            | 1          | 8            | 6.551875  
8            | 2          | 4            | 3.236172  
8            | 4          | 2            | 1.944000  
16           | 1          | 16           | 10.458042 
16           | 2          | 8            | 3.331280  
16           | 4          | 4            | 1.975151  
32           | 2          | 16           | 5.219507  
32           | 4          | 8            | 1.997655  
64           | 4          | 16           | 2.036555  

============================================================
           OPTIMAL CONFIGURATIONS PER CORE COUNT            
============================================================
Total Cores     | Best P       | Best T       | Best Time 
------------------------------------------------------------
1               | 1            | 1            | 8.874091  
2               | 2            | 1            | 4.443588  
4               | 4            | 1            | 2.280110  
8               | 4            | 2            | 1.944000  
16              | 4            | 4            | 1.975151  
32              | 4            | 8            | 1.997655  
64              | 4            | 16           | 2.036555  


1000 400 14000000
Total Cores  |  MPI (P)   |   OMP (T)    |  Time (s) 
------------------------------------------------------
1            | 1          | 1            | 6.596850  
2            | 1          | 2            | 5.952219  
2            | 2          | 1            | 3.513840  
4            | 1          | 4            | 6.806486  
4            | 2          | 2            | 2.991381  
4            | 4          | 1            | 1.791975  
8            | 1          | 8            | 7.655503  
8            | 2          | 4            | 3.519816  
8            | 4          | 2            | 1.615759  
16           | 1          | 16           | 11.402604 
16           | 2          | 8            | 4.005669  
16           | 4          | 4            | 1.861547  
32           | 2          | 16           | 8.826206  
32           | 4          | 8            | 4.614481  
64           | 4          | 16           | 3.373391  

============================================================
           OPTIMAL CONFIGURATIONS PER CORE COUNT            
============================================================
Total Cores     | Best P       | Best T       | Best Time 
------------------------------------------------------------
1               | 1            | 1            | 6.596850  
2               | 2            | 1            | 3.513840  
4               | 4            | 1            | 1.791975  
8               | 4            | 2            | 1.615759  
16              | 4            | 4            | 1.861547  
32              | 4            | 8            | 4.614481  
64              | 4            | 16           | 3.373391  



